1.237389 0.000000 7.909271
1.269301 0.062586 -8.112636
1.237139 0.125173 7.905290
1.269813 0.187759 -8.111022
1.236339 0.250346 7.893039
1.270943 0.312932 -8.108458
1.234813 0.375518 7.871419
1.272963 0.438105 -8.106654
1.232149 0.500691 7.837853
1.276506 0.563278 -8.109589
1.227342 0.625864 7.786054
1.283247 0.688451 -8.127768
1.217394 0.751037 7.697240
1.299158 0.813623 -8.198643
1.188247 0.876210 7.483338
1.369352 0.938796 -8.604889
0.594915 1.001383 3.729570
-0.107916 1.063969 0.674830
0.056915 1.126555 0.354958
-0.037652 1.189142 0.234154
0.027672 1.251728 0.171576
-0.021612 1.314315 0.133578
0.017560 1.376901 0.108177
-0.014671 1.439488 0.090067
0.012514 1.502074 0.076543
-0.010846 1.564660 0.066089
0.009521 1.627247 0.057785
-0.008445 1.689833 0.051046
0.007557 1.752420 0.045478
-0.006811 1.815006 0.040810
0.006178 1.877592 0.036846
-0.005635 1.940179 0.033444
0.005164 2.002765 0.030498
-0.004753 2.065352 0.027925
0.004391 2.127938 0.025661
-0.004071 2.190525 0.023657
0.003785 2.253111 0.021873
-0.003530 2.315697 0.020276
0.003300 2.378284 0.018839
-0.003092 2.440870 0.017542
0.002903 2.503457 0.016366
-0.002732 2.566043 0.015296
0.002575 2.628629 0.014319
-0.002431 2.691216 0.013424
0.002299 2.753802 0.012602
-0.002177 2.816389 0.011846
0.002064 2.878975 0.011147
-0.001960 2.941562 0.010501
0.001863 3.004148 0.009902
-0.001773 3.066734 0.009346
0.001689 3.129321 0.008828
-0.001611 3.191907 0.008345
0.001537 3.254494 0.007893
-0.001469 3.317080 0.007471
0.001404 3.379666 0.007076
-0.001344 3.442253 0.006705
0.001286 3.504839 0.006356
-0.001233 3.567426 0.006028
0.001182 3.630012 0.005720
-0.001134 3.692599 0.005429
0.001088 3.755185 0.005154
-0.001045 3.817771 0.004894
0.001004 3.880358 0.004649
-0.000965 3.942944 0.004416
0.000928 4.005531 0.004196
-0.000893 4.068117 0.003987
0.000860 4.130703 0.003789
-0.000828 4.193290 0.003601
0.000797 4.255876 0.003422
-0.000768 4.318463 0.003252
0.000740 4.381049 0.003090
-0.000713 4.443636 0.002935
0.000688 4.506222 0.002789
-0.000663 4.568808 0.002649
0.000640 4.631395 0.002515
-0.000617 4.693981 0.002388
0.000595 4.756568 0.002266
-0.000574 4.819154 0.002150
0.000554 4.881740 0.002039
-0.000535 4.944327 0.001933
0.000516 5.006913 0.001832
-0.000498 5.069500 0.001735
0.000480 5.132086 0.001642
-0.000463 5.194673 0.001554
0.000447 5.257259 0.001469
-0.000431 5.319845 0.001388
0.000416 5.382432 0.001310
-0.000401 5.445018 0.001236
0.000387 5.507605 0.001165
-0.000373 5.570191 0.001097
0.000359 5.632777 0.001031
-0.000346 5.695364 0.000969
0.000333 5.757950 0.000910
-0.000320 5.820537 0.000853
0.000308 5.883123 0.000798
-0.000296 5.945710 0.000746
0.000285 6.008296 0.000696
-0.000273 6.070882 0.000649
0.000262 6.133469 0.000603
-0.000251 6.196055 0.000560
0.000241 6.258642 0.000519
-0.000230 6.321228 0.000479
0.000220 6.383814 0.000442
-0.000210 6.446401 0.000406
0.000201 6.508987 0.000372
-0.000191 6.571574 0.000340
0.000182 6.634160 0.000310
-0.000172 6.696747 0.000281
0.000163 6.759333 0.000254
-0.000154 6.821919 0.000228
0.000145 6.884506 0.000204
-0.000137 6.947092 0.000181
0.000128 7.009679 0.000160
-0.000120 7.072265 0.000140
0.000111 7.134851 0.000121
-0.000103 7.197438 0.000104
0.000095 7.260024 0.000089
-0.000086 7.322611 0.000074
0.000078 7.385197 0.000061
-0.000070 7.447784 0.000050
0.000062 7.510370 0.000039
-0.000055 7.572956 0.000030
0.000047 7.635543 0.000022
-0.000039 7.698129 0.000015
0.000031 7.760716 0.000010
-0.000023 7.823302 0.000005
0.000015 7.885888 0.000002
-0.000008 7.948475 0.000001
0.000000 -8.011061 -0.000000
-0.000008 -7.948475 0.000001
0.000015 -7.885888 0.000002
-0.000023 -7.823302 0.000005
0.000031 -7.760716 0.000010
-0.000039 -7.698129 0.000015
0.000047 -7.635543 0.000022
-0.000055 -7.572956 0.000030
0.000062 -7.510370 0.000039
-0.000070 -7.447784 0.000050
0.000078 -7.385197 0.000061
-0.000086 -7.322611 0.000074
0.000095 -7.260024 0.000089
-0.000103 -7.197438 0.000104
0.000111 -7.134851 0.000121
-0.000120 -7.072265 0.000140
0.000128 -7.009679 0.000160
-0.000137 -6.947092 0.000181
0.000145 -6.884506 0.000204
-0.000154 -6.821919 0.000228
0.000163 -6.759333 0.000254
-0.000172 -6.696747 0.000281
0.000182 -6.634160 0.000310
-0.000191 -6.571574 0.000340
0.000201 -6.508987 0.000372
-0.000210 -6.446401 0.000406
0.000220 -6.383814 0.000442
-0.000230 -6.321228 0.000479
0.000241 -6.258642 0.000519
-0.000251 -6.196055 0.000560
0.000262 -6.133469 0.000603
-0.000273 -6.070882 0.000649
0.000285 -6.008296 0.000696
-0.000296 -5.945710 0.000746
0.000308 -5.883123 0.000798
-0.000320 -5.820537 0.000853
0.000333 -5.757950 0.000910
-0.000346 -5.695364 0.000969
0.000359 -5.632777 0.001031
-0.000373 -5.570191 0.001097
0.000387 -5.507605 0.001165
-0.000401 -5.445018 0.001236
0.000416 -5.382432 0.001310
-0.000431 -5.319845 0.001388
0.000447 -5.257259 0.001469
-0.000463 -5.194673 0.001554
0.000480 -5.132086 0.001642
-0.000498 -5.069500 0.001735
0.000516 -5.006913 0.001832
-0.000535 -4.944327 0.001933
0.000554 -4.881740 0.002039
-0.000574 -4.819154 0.002150
0.000595 -4.756568 0.002266
-0.000617 -4.693981 0.002388
0.000640 -4.631395 0.002515
-0.000663 -4.568808 0.002649
0.000688 -4.506222 0.002789
-0.000713 -4.443636 0.002935
0.000740 -4.381049 0.003090
-0.000768 -4.318463 0.003252
0.000797 -4.255876 0.003422
-0.000828 -4.193290 0.003601
0.000860 -4.130703 0.003789
-0.000893 -4.068117 0.003987
0.000928 -4.005531 0.004196
-0.000965 -3.942944 0.004416
0.001004 -3.880358 0.004649
-0.001045 -3.817771 0.004894
0.001088 -3.755185 0.005154
-0.001134 -3.692599 0.005429
0.001182 -3.630012 0.005720
-0.001233 -3.567426 0.006028
0.001286 -3.504839 0.006356
-0.001344 -3.442253 0.006705
0.001404 -3.379666 0.007076
-0.001469 -3.317080 0.007471
0.001537 -3.254494 0.007893
-0.001611 -3.191907 0.008345
0.001689 -3.129321 0.008828
-0.001773 -3.066734 0.009346
0.001863 -3.004148 0.009902
-0.001960 -2.941562 0.010501
0.002064 -2.878975 0.011147
-0.002177 -2.816389 0.011846
0.002299 -2.753802 0.012602
-0.002431 -2.691216 0.013424
0.002575 -2.628629 0.014319
-0.002732 -2.566043 0.015296
0.002903 -2.503457 0.016366
-0.003092 -2.440870 0.017542
0.003300 -2.378284 0.018839
-0.003530 -2.315697 0.020276
0.003785 -2.253111 0.021873
-0.004071 -2.190525 0.023657
0.004391 -2.127938 0.025661
-0.004753 -2.065352 0.027925
0.005164 -2.002765 0.030498
-0.005635 -1.940179 0.033444
0.006178 -1.877592 0.036846
-0.006811 -1.815006 0.040810
0.007557 -1.752420 0.045478
-0.008445 -1.689833 0.051046
0.009521 -1.627247 0.057785
-0.010846 -1.564660 0.066089
0.012514 -1.502074 0.076543
-0.014671 -1.439488 0.090067
0.017560 -1.376901 0.108177
-0.021612 -1.314315 0.133578
0.027672 -1.251728 0.171576
-0.037652 -1.189142 0.234154
0.056915 -1.126555 0.354958
-0.107916 -1.063969 0.674830
0.594915 -1.001383 3.729570
1.369352 -0.938796 -8.604889
1.188247 -0.876210 7.483338
1.299158 -0.813623 -8.198643
1.217394 -0.751037 7.697240
1.283247 -0.688451 -8.127768
1.227342 -0.625864 7.786054
1.276506 -0.563278 -8.109589
1.232149 -0.500691 7.837853
1.272963 -0.438105 -8.106654
1.234813 -0.375518 7.871419
1.270943 -0.312932 -8.108458
1.236339 -0.250346 7.893039
1.269813 -0.187759 -8.111022
1.237139 -0.125173 7.905290
1.269301 -0.062586 -8.112636
