0.707107 0.000000 3.722153
0.699633 0.206167 -3.678374
0.677681 0.412334 3.550081
0.642615 0.618501 -3.346061
0.596550 0.824668 3.079851
0.542141 1.030835 -2.768263
0.482335 1.237002 2.429643
0.420102 1.443169 -2.082114
0.358205 1.649336 1.742030
0.299005 1.855503 -1.422821
0.244340 2.061670 1.134315
0.195471 2.267837 -0.882553
0.153087 2.474004 0.670030
0.117372 2.680171 -0.496253
0.088098 2.886338 0.358475
0.064734 3.092505 -0.252482
0.046566 3.298672 0.173326
0.032793 3.504839 -0.115923
0.022608 3.711006 0.075496
0.015258 3.917173 -0.047845
0.010081 4.123340 0.029483
0.006521 4.329507 -0.017647
0.004129 4.535674 0.010246
0.002560 4.741841 -0.005761
0.001553 4.948008 0.003129
0.000923 5.154175 -0.001637
0.000537 5.360342 0.000820
0.000305 5.566509 -0.000390
0.000170 5.772677 0.000174
0.000091 5.978844 -0.000071
0.000046 6.185011 0.000024
0.000019 6.391178 -0.000005
-0.000000 -6.597345 -0.000000
0.000019 -6.391178 -0.000005
0.000046 -6.185011 0.000024
0.000091 -5.978844 -0.000071
0.000170 -5.772677 0.000174
0.000305 -5.566509 -0.000390
0.000537 -5.360342 0.000820
0.000923 -5.154175 -0.001637
0.001553 -4.948008 0.003129
0.002560 -4.741841 -0.005761
0.004129 -4.535674 0.010246
0.006521 -4.329507 -0.017647
0.010081 -4.123340 0.029483
0.015258 -3.917173 -0.047845
0.022608 -3.711006 0.075496
0.032793 -3.504839 -0.115923
0.046566 -3.298672 0.173326
0.064734 -3.092505 -0.252482
0.088098 -2.886338 0.358475
0.117372 -2.680171 -0.496253
0.153087 -2.474004 0.670030
0.195471 -2.267837 -0.882553
0.244340 -2.061670 1.134315
0.299005 -1.855503 -1.422821
0.358205 -1.649336 1.742030
0.420102 -1.443169 -2.082114
0.482335 -1.237002 2.429643
0.542141 -1.030835 -2.768263
0.596550 -0.824668 3.079851
0.642615 -0.618501 -3.346061
0.677681 -0.412334 3.550081
0.699633 -0.206167 -3.678374
